435820
229207
115709
326582
22892
117792
452179
214109
439215
359097
516026
492363
242189
420669
481753
421218
231945
527002
21592
324492
418219
483165
132375
372307
429281
91406
488720
215826
396410
490711
145668
469480
275979
423971
499716
250506
406676
536589
427965
335851
98523
558671
25508
166478
63397
45594
562851
141760
227230
481895
75083
511145
68059
257219
71563
574135
167082
429283
358817
271780
577840
519706
455741
64307
545101
87356
172396
513524
235319
463703
40087
300179
124277
329041
160726
493435
512576
415967
284764
67491
61831
533596
485343
123633
424225
560439
111435
432276
356877
466774
36252
576369
315062
456525
367582
504091
445643
533962
215062
576505
358024
333630
142360
387824
294487
104701
478356
561699
296317
81661
121897
65113
38710
175831
398798
266977
378723
370209
540775
225075
447501
206784
50943
515355
310735
418692
551338
357265
454607
144941
480173
240434
161736
191964
199634
353321
49660
331250
544351
549410
98385
146112
214853
530975
34522
169028
89062
504452
318405
518224
106096
369373
8832
531510
301107
555217
376368
580608
395634
551215
491336
580711
281448
54252
45472
497365
124262
247285
28239
124157
578675
29656
204091
330932
38296
350988
195697
116252
243891
78580
361571
206596
191280
544044
495680
266847
445933
322724
191724
137938
298622
234766
575897
307871
330741
15778
59949
261082
468277
333703
330720
443602
305464
140501
134703
26393
458387
14892
355860
243914
411871
104837
466565
102996
253838
71914
114920
216710
428218
72050
343062
232348
354202
139486
51167
574507
3799
294855
239627
209530
261999
42779
345787
102057
177802
368900
233315
56160
449466
309044
273416
332844
214671
366529
169602
507274
449379
556193
239145
530860
489873
189427
177065
446909
539874
51304
238147
406155
551243
566923
24744
312509
474854
322122
293221
85353
504702
349559
230212
241466
495993
161220
212647
352214
87920
400836
93435
456519
490279
368581
366508
218249
175994
290979
151585
264424
374987
291256
349344
470298
296731
389699
316107
473731
154431
470348
337497
188439
155671
308441
573853
553072
431472
10986
46440
554735
565031
145751
238090
407909
48731
94531
306693
358664
257187
189936
410583
322785
35012
405531
328818
110026
88507
109323
236884
200978
110559
374641
327314
29838
387328
349006
265372
497444
413685
51540
469067
212261
290734
210342
542570
286556
315805
424378
56592
130437
558449
345507
243699
578786
76844
444888
515755
114770
26611
191360
322211
78312
193015
293468
248364
283717
514600
244550
331084
155449
154425
407291
121716
29430
38775
46418
329717
1089
441471
455261
127669
235564
362373
202093
437126
502557
319100
162685
278509
560297
178587
213785
480317
196244
50149
25807
496324
543696
275392
57535
329433
183967
427386
223574
527220
183407
132814
222053
3001
66190
139843
199855
115075
563797
267363
326517
310035
579902
404128
545114
33815
574256
224702
190829
146601
381608
152281
334760
84889
482735
313999
472164
137118
469652
218947
378831
305871
399822
320106
117432
127623
146155
277793
520964
93571
303250
477069
478759
549560
255470
425609
556980
97513
565041
272870
118447
268941
286458
57725
87399
7096
448765
512869
299305
85183
537864
336802
521509
204098
269098
209753
183187
12744
133233
106120
50099
500657
147577
253624
219216
333150
525297
372161
558915
280810
129587
561783
124232
155451
379584
129982
465715
543581
265378
205677
87456
247223
285068
107360
222648
19957
113159
47435
349676
